
param n:=20;
param p:=1.2;
param c:=1;
param Q:=1;
param v:=0.1;
param DIS:=20;
#data is from 20 locations case 2

param w: 1 2 3 4 5 6 7 8 9 10 11 12 13 14 15 16 17 18 19 20:=
1	1	0.3	0.2	1	0.7	0	0.9	0.4	0.9	0.9	0.9	0.9	0.6	0.5	0.4	0.4	0.2	0.8	0.4	0.1
2	0.3	0.7	0.1	0.8	0.8	0.2	0.7	0.9	0.4	0.1	0.5	0.4	0.4	0.7	0.4	0.1	0.8	0.2	0.5	0.7
3	0.1	0.3	0.6	0.7	0.8	0	0.1	1	0.8	0.4	0.1	0.2	0.1	0.2	1	0.9	0.5	0.7	0.8	0.9
4	0.8	0.3	0.3	0.1	0	0.6	0.2	0.8	0.9	0.7	0.5	0.9	0	0.1	0.6	0.8	0.1	0.7	0.8	1
5	0.1	1	0.1	0.2	0.2	0.1	0.1	0.7	0.8	0.9	0.6	0.5	0.2	0.9	0.7	0.2	0.5	0.9	0	0.4
6	0.5	0.5	0.3	0.5	0.6	0.9	0.4	0.7	0.6	0.2	0.7	0.7	0.1	0.8	0.9	0.3	0.9	1	0	0.7
7	0.9	0.6	0.2	0.1	0.4	0.9	0.3	0.9	0.8	0.3	0.3	0.3	0.8	0.6	0.8	0.4	0.5	0.2	0.1	0
8	0.4	0.8	0.7	0.5	0.6	0.6	0.8	0.5	0.6	0.8	0.2	0.5	0.4	0.4	0.5	0.8	0.3	0.8	0.7	0.1
9	0.1	1	0.4	0.9	0.6	0.3	0.3	0	0.4	0.4	0	0.8	0.2	0.8	0.3	0.9	0.3	0.1	0.4	0.9
10	0.9	0.6	0.4	0.2	0	0.9	0	0.4	0.8	0.8	0.5	0.9	0.7	0.9	0.8	0.3	0.1	0.2	0.3	0.6
11	0.6	0.4	0.4	0.9	0.1	0.7	0.7	0.4	0.7	0.1	0.4	0.6	0.7	0.7	0.9	0.7	0.7	0.9	0	0.4
12	0.7	0.5	0.3	0.4	0.4	0.2	0.7	0.5	0.4	0	0.1	1	0.4	0.5	0.8	0.5	0.2	0.6	1	0.9
13	0.7	0.3	0.6	0.3	0.1	0.4	1	0.7	0.3	0	0.2	0	0.5	0.5	0.4	0.9	0.7	0.1	0.5	0.1
14	0.2	0.6	0	0.6	0.2	0.9	0.1	0.4	0.4	0	0.3	0.1	0.3	0.9	0.4	0.4	0.3	0.4	0.1	0.6
15	0.4	0.3	0.7	1	0.8	0.1	0.9	0.5	0.2	0.4	0.5	0.4	0	0.6	1	0.2	0.4	0	0.5	0.9
16	0	0.8	1	0.4	0.7	0.4	0.7	0	0.8	0.9	0.7	0.3	0.1	0.3	0.2	1	0.4	0.2	0.4	0.6
17	0.6	1	0	0.6	0.6	1	0.8	0	0	0.3	0.9	0	0.2	0.9	0.4	0.9	0.3	0.1	0.9	0.1
18	1	0.5	0.4	0.1	0.8	0.6	0.1	0.2	0.8	0.5	0.9	0.4	0.5	0.9	1	0.1	0.9	0.8	0.1	0.9
19	0.1	0.1	0.9	0.3	0.9	0.3	0.1	0.2	0.5	0	0.3	0.5	0.5	0.7	0.6	0.4	0.3	0.7	0.6	0.1
20	0.3	0.5	0.5	0.8	0.4	0.5	0.9	0.3	0.3	0.1	0.3	0.4	0.1	0.2	0.6	0.1	0.5	0.8	0.3	0
;
param d: 1 2 3 4 5 6 7 8 9 10 11 12 13 14 15 16 17 18 19 20:=
1	0	11.767	7.719	8.5	10.848	8.403	2.185	5.417	2.957	7.911	6.729	13.814	11.247	13.84	5.745	11.937	13.94	2.378	8.034	10
2	11.767	0	12.859	5.43	13.453	11.079	13.085	16.422	14.723	8.972	16.48	5.125	5.357	8.969	8.217	11.437	3.784	13.616	3.737	4.645
3	7.719	12.859	0	12.848	3.309	2.279	9.772	7.176	8.671	14.124	5.496	11.774	9.01	9.306	4.953	5.579	12.863	9.721	10.204	8.661
4	8.5	5.43	12.848	0	14.675	11.864	9.063	13.846	11.276	3.543	14.673	10.039	8.979	12.824	7.978	13.751	9.069	9.662	3.462	7.632
5	10.848	13.453	3.309	14.675	0	2.847	12.963	10.35	11.977	16.509	8.408	11.068	8.656	7.556	6.805	3.198	12.497	12.955	11.579	8.85
6	8.403	11.079	2.279	11.864	2.847	0	10.574	9.081	9.985	13.666	7.656	9.555	6.84	7.063	3.958	3.708	10.725	10.65	8.861	6.656
7	2.185	13.085	9.772	9.063	12.963	10.574	0	5.98	2.61	7.58	7.855	15.638	13.181	15.942	7.857	14.121	15.606	0.608	9.374	11.871
8	5.417	16.422	7.176	13.846	10.35	9.081	5.98	0	3.453	13.25	2.417	17.292	14.482	15.961	8.755	12.702	17.861	5.503	12.823	13.559
9	2.957	14.723	8.671	11.276	11.977	9.985	2.61	3.453	0	10.134	5.565	16.577	13.918	16.168	8.198	13.68	16.807	2.079	10.992	12.749
10	7.911	8.972	14.124	3.543	16.509	13.666	7.58	13.25	10.134	0	14.616	13.484	12.139	15.897	9.728	16.167	12.594	8.176	6.558	10.722
11	6.729	16.48	5.496	14.673	8.408	7.656	7.855	2.417	5.565	14.616	0	16.619	13.782	14.711	8.374	11.064	17.411	7.473	13.096	13.062
12	13.814	5.125	11.774	10.039	11.068	9.555	15.638	17.292	16.577	13.484	16.619	0	2.837	4.504	8.563	8.249	1.782	16.053	7.073	3.828
13	11.247	5.357	9.01	8.979	8.656	6.84	13.181	14.482	13.918	12.139	13.782	2.837	0	3.864	5.794	6.211	3.894	13.552	5.595	1.446
14	13.84	8.969	9.306	12.824	7.556	7.063	15.942	15.961	16.168	15.897	14.711	4.504	3.864	0	8.096	4.391	6.271	16.216	9.404	5.2
15	5.745	8.217	4.953	7.978	6.805	3.958	7.857	8.755	8.198	9.728	8.374	8.563	5.794	8.096	0	6.709	9.121	8.121	5.264	4.803
16	11.937	11.437	5.579	13.751	3.198	3.708	14.121	12.702	13.68	16.167	11.064	8.249	6.211	4.391	6.709	0	9.829	14.245	10.373	6.824
17	13.94	3.784	12.863	9.069	12.497	10.725	15.606	17.861	16.807	12.594	17.411	1.782	3.894	6.271	9.121	9.829	0	16.068	6.518	4.349
18	2.378	13.616	9.721	9.662	12.955	10.65	0.608	5.503	2.079	8.176	7.473	16.053	13.552	16.216	8.121	14.245	16.068	0	9.894	12.266
19	8.034	3.737	10.204	3.462	11.579	8.861	9.374	12.823	10.992	6.558	13.096	7.073	5.595	9.404	5.264	10.373	6.518	9.894	0	4.204
20	10	4.645	8.661	7.632	8.85	6.656	11.871	13.559	12.749	10.722	13.062	3.828	1.446	5.2	4.803	6.824	4.349	12.266	4.204	0
;
