
param n:=20;
param p:=1.2;
param c:=1;
param Q:=1;
param v:=0.1;
param DIS:=20;
#data is from 20 locations case 3

param w: 1 2 3 4 5 6 7 8 9 10 11 12 13 14 15 16 17 18 19 20:=
1	1	0.9	0.8	0.4	0.5	0.3	0.4	0.6	0.6	0.6	0.5	0.4	0.6	0.9	0.1	0.3	0.3	0.4	0.3	0.5
2	0.5	0.4	0.6	0.9	0.1	0.3	0.8	0.8	0.1	0.4	0.5	0.1	0.3	0.3	0.5	0.8	0.6	0.9	0.5	0.2
3	0.5	1	0.6	0.1	0.9	0.7	0.4	0.2	0.1	0.7	0.7	0.6	0	0.3	0.5	0.1	0.5	0.3	0.9	0.6
4	0.7	0.4	0.7	0.1	0.7	0.2	0.9	0.3	0.2	0.4	0.5	0.7	0.4	0.1	0.8	0.2	0.9	0.2	0.5	0
5	0.9	0.2	0.6	0.9	0.4	0.1	0	1	0.4	1	0.6	0.2	0.4	0.4	0.2	0.1	0.6	0.2	0.4	0.8
6	0.5	0.9	0.5	0.9	0	0.3	0.1	0.9	0.5	0.6	0.9	0.4	0.8	0.5	0.3	0.3	0.6	0.4	0.2	0
7	0.4	0.9	0.2	0.8	0.2	0.4	0.8	0.8	0.6	0.2	0.6	0.1	0.1	0	0	0.1	0.3	0.2	1	0.8
8	0.8	0.8	0.2	0.6	0.3	0.6	0.8	0.9	1	0.1	0.9	0.3	0.9	0.1	0.1	0.1	0.5	0.9	0.9	0.1
9	0.1	0.5	0.2	0.2	0.5	0.3	0.2	0.8	0.4	0.2	0.6	0.2	0	0.9	0.8	0.4	0.4	0.6	0.3	0.4
10	0.7	0.2	0.7	0.6	0.3	0.8	0.8	0.8	0.7	0.7	1	0.8	0.2	0.2	1	0.8	0.5	0.2	0.6	0.9
11	0.4	0.2	0.1	0.4	0.1	0.9	0.8	0.5	0.5	0.1	0.9	0.2	0.3	0.6	0.8	0.6	0.3	0.6	0.4	0
12	0.3	0.4	0.8	0.5	0.6	0.8	0.3	0	1	0.8	0.9	0.3	0	1	0.8	0.1	0.8	0.6	0.6	0.3
13	0.6	0.4	0.5	0.9	1	0.3	0.5	0.3	0.9	0.9	0.3	0.2	0.3	0.1	0.7	0.9	0.9	1	0.9	0.9
14	0.8	0.8	0.2	0.8	0.8	1	0.9	0.7	0.6	0.5	0	0.2	0.9	0.5	0.1	0.9	0.8	0.6	0.3	0.7
15	0.5	0.6	0.9	0.8	0.8	0.5	0.6	0.7	0.5	0.5	0.5	0.3	0.4	0.7	0.1	0.2	0.7	0.1	0.9	0.3
16	0.6	0.9	0.5	0.5	0.4	0.6	0.5	0.2	0.2	0.7	0.9	0.7	0.3	0.8	0.4	0.1	0.3	0	0.8	0.8
17	0.6	0.3	0.1	1	1	0.3	0.2	0.7	0.3	0.1	1	0.9	0.9	0.4	0.5	0.3	0	0.9	0.6	0.2
18	0.7	0.5	0.8	0	0.3	0.3	0.1	0.6	0.3	0.9	0.4	0.9	0.1	0.5	0.8	0.1	0.8	1	0.8	0.1
19	0	0.8	0	1	0.2	0.5	0.3	0.2	0.4	0.9	0.4	0.1	0.4	0.3	0.1	0.6	0.5	0.2	0.2	0.8
20	0	0.6	0.7	0.2	0.1	0.5	0.3	0.9	0.5	0.1	1	0.6	0.9	0	0.5	0.1	0.5	0.9	0.3	0.9
;
param d: 1 2 3 4 5 6 7 8 9 10 11 12 13 14 15 16 17 18 19 20:=
1	0	5.872	6.324	7.701	8.808	11.42	9.585	7.013	4.557	9.804	2.266	6.736	4.609	8.827	5.068	9.729	14.231	12.991	7.465	10
2	5.872	0	8.537	3.361	4.479	6.276	6.553	1.325	10.266	8.745	7.561	3.548	10.378	4.634	2.667	5.226	8.383	7.147	2.1	4.833
3	6.324	8.537	0	7.581	8.033	10.799	14.537	8.833	6.464	15.63	8.19	11.342	6.801	13.016	5.95	13.715	15.848	13.907	10.636	13.354
4	7.701	3.361	7.581	0	1.188	3.765	9.594	2.424	11.401	12.055	9.808	6.827	11.604	7.431	2.65	7.748	8.284	6.335	4.699	6.841
5	8.808	4.479	8.033	1.188	0	2.854	10.488	3.403	12.345	13.084	10.948	7.859	12.565	8.266	3.739	8.482	8.101	5.983	5.585	7.441
6	11.42	6.276	10.799	3.765	2.854	0	11.059	4.962	15.154	14.061	13.462	9.05	15.362	8.774	6.407	8.677	6.119	3.833	6.507	7.362
7	9.585	6.553	14.537	9.594	10.488	11.059	0	7.171	13.92	3.337	9.814	3.201	13.873	2.289	9.108	2.559	8.946	9.415	4.907	3.979
8	7.013	1.325	8.833	2.424	3.403	4.962	7.171	0	11.277	9.681	8.814	4.457	11.415	5.031	2.913	5.419	7.424	5.986	2.291	4.683
9	4.557	10.266	6.464	11.401	12.345	15.154	13.92	11.277	0	13.557	4.308	11.24	0.351	13.352	8.816	14.265	18.645	17.239	11.99	14.556
10	9.804	8.745	15.63	12.055	13.084	14.061	3.337	9.681	13.557	0	9.249	5.23	13.427	5.414	10.951	5.871	12.276	12.715	7.614	7.276
11	2.266	7.561	8.19	9.808	10.948	13.462	9.814	8.814	4.308	9.249	0	7.454	4.182	9.579	7.222	10.52	15.708	14.691	8.803	11.064
12	6.736	3.548	11.342	6.827	7.859	9.05	3.201	4.457	11.24	5.23	7.454	0	11.243	2.13	5.967	3.067	8.846	8.505	2.557	3.748
13	4.609	10.378	6.801	11.604	12.565	15.362	13.873	11.415	0.351	13.427	4.182	11.243	0	13.362	9.003	14.281	18.761	17.388	12.066	14.605
14	8.827	4.634	13.016	7.431	8.266	8.774	2.289	5.031	13.352	5.414	9.579	2.13	13.362	0	7.288	0.944	7.227	7.347	2.741	1.993
15	5.068	2.667	5.95	2.65	3.739	6.407	9.108	2.913	8.816	10.951	7.222	5.967	9.003	7.288	0	7.892	10.221	8.548	4.738	7.419
16	9.729	5.226	13.715	7.748	8.482	8.677	2.559	5.419	14.265	5.871	10.52	3.067	14.281	0.944	7.892	0	6.503	6.856	3.187	1.422
17	14.231	8.383	15.848	8.284	8.101	6.119	8.946	7.424	18.645	12.276	15.708	8.846	18.761	7.227	10.221	6.503	0	2.288	6.912	5.24
18	12.991	7.147	13.907	6.335	5.983	3.833	9.415	5.986	17.239	12.715	14.691	8.505	17.388	7.347	8.548	6.856	2.288	0	6.167	5.441
19	7.465	2.1	10.636	4.699	5.585	6.507	4.907	2.291	11.99	7.614	8.803	2.557	12.066	2.741	4.738	3.187	6.912	6.167	0	2.747
20	10	4.833	13.354	6.841	7.441	7.362	3.979	4.683	14.556	7.276	11.064	3.748	14.605	1.993	7.419	1.422	5.24	5.441	2.747	0
;

