param n:=10;
param p:=1.2;
param c:=1;
param Q:=1;
param v:=0.1;
param DIS:=20;
#data is from case 5

param w: 1 2 3 4 5 6 7 8 9 10:=
1	0.4	0.3	0.9	0.5	0.5	0.3	0.8	0.2	0.7	0.2
2	0.5	0.1	0.2	0.1	0.2	0.6	0.4	0.3	0.2	0.2
3	0.1	1	0.1	0	0.6	0.1	0.3	0.8	0.7	0.7
4	1	0.1	0	0.9	0.6	0.5	0.1	0.4	0.7	0.8
5	0.6	0.2	0.9	0.8	0.3	0.2	0.4	0.7	0.4	0.6
6	0.9	0.6	0.5	1	0.6	0.2	0	0.9	1	0.8
7	0.6	1	0.9	0.6	0.8	0.5	0.1	0.9	0.9	0.9
8	0.7	0.5	0	0.7	0.2	0.3	0.8	0.6	0	0.2
9	0.2	0.9	0.8	0.7	0.9	0.4	0.9	0.9	0.3	0.9
10	0.7	0.9	0.8	0.6	0.5	0.6	0	0.6	0.6	0.9
;
param d: 1 2 3 4 5 6 7 8 9 10:=
1	0	3.829	4.336	4.082	1.716	12.751	11.164	9.773	2.944	10
2	3.829	0	4.974	7.39	2.12	14.838	14.058	8.033	3.2	10.634
3	4.336	4.974	0	4.426	4.334	17.028	15.134	12.867	1.875	14.212
4	4.082	7.39	4.426	0	5.535	14.406	11.808	13.806	4.76	13.13
5	1.716	2.12	4.334	5.535	0	13.496	12.322	8.735	2.51	9.999
6	12.751	14.838	17.028	14.406	13.496	0	3.858	12.146	15.663	5.992
7	11.164	14.058	15.134	11.808	12.322	3.858	0	13.585	14.088	8.038
8	9.773	8.033	12.867	13.806	8.735	12.146	13.585	0	10.998	6.179
9	2.944	3.2	1.875	4.76	2.51	15.663	14.088	10.998	0	12.486
10	10	10.634	14.212	13.13	9.999	5.992	8.038	6.179	12.486	0
;

