
param n:=10;
param p:=1.2;
param c:=1;
param Q:=1;
param v:=0.1;
param DIS:=20;
#data is from case 4

param w: 1 2 3 4 5 6 7 8 9 10:=
1	0.4	0.9	0.4	0.4	0.1	0.6	0.3	0.5	0.3	0.3
2	0.4	1	0.6	0.7	0.4	0	0.8	0.7	0.4	0.7
3	0.2	0.9	0.6	0.9	0.7	0.6	1	0.6	0.3	0.1
4	0	0.7	1	0.5	0.1	0	0.1	0.4	0.5	0.4
5	0.7	1	0.4	0.3	0.7	0.8	0.3	0.4	0.4	0.7
6	0.1	0.7	0.7	0.7	0.6	0.4	0.2	0.5	0.9	0.5
7	0.6	1	0.2	0.6	0.5	0.3	0.7	0.6	0.7	0.2
8	1	0.4	0.2	0.3	0.7	0.9	0.1	0.1	0.3	0.5
9	0.8	0.4	0.2	0.5	0	0.8	0.9	0.3	0.3	0.8
10	0.8	1	0.8	1	0.6	0.2	0.3	0.3	0.8	0
;
param d: 1 2 3 4 5 6 7 8 9 10:=
1	0	3.323	6.105	3.877	4.85	12.374	11.24	11.79	8.591	10
2	3.323	0	8.35	6.116	7.519	11.659	9.636	9.335	10.923	9.474
3	6.105	8.35	0	8.797	1.637	9.863	10.641	12.821	2.573	7.727
4	3.877	6.116	8.797	0	7.209	16.234	15.069	15.339	10.9	13.853
5	4.85	7.519	1.637	7.209	0	11.056	11.406	13.236	3.798	8.801
6	12.374	11.659	9.863	16.234	11.056	0	3.571	6.949	10.572	2.389
7	11.24	9.636	10.641	15.069	11.406	3.571	0	3.409	12.083	3.525
8	11.79	9.335	12.821	15.339	13.236	6.949	3.409	0	14.651	6.72
9	8.591	10.923	2.573	10.9	3.798	10.572	12.083	14.651	0	8.79
10	10	9.474	7.727	13.853	8.801	2.389	3.525	6.72	8.79	0
;

