
param n:=10;
param p:=1.2;
param c:=1;
param Q:=1;
param v:=0.1;
param DIS:=20;
#data is from case 2
param w: 1 2 3 4 5 6 7 8 9 10:=
1	0.9	0.1	0	0.4	0.3	0.9	0.9	0.5	0.6	0.6
2	0.9	0.6	0.5	0.1	0.3	0.3	0.9	0.3	0.7	0.5
3	0.5	0.8	0.7	0.5	1	0.5	0	0.7	0.3	0.7
4	0.3	0.1	0.8	0.4	0.5	0.1	0.2	0.4	0.6	0.9
5	1	0.5	0.4	0.5	0.6	0.7	0.8	0.5	1	0.5
6	0	0.4	0.3	0.7	0.9	0.3	0.3	0.9	0.9	0.5
7	0.6	0.2	0.7	0.4	0.6	0.2	0.5	0.8	0.6	0.1
8	0.7	0.6	0.5	0.1	0.1	0.1	0.8	0.9	0.6	0.8
9	0.4	0.6	0.2	0.7	0.4	0.1	0	0.6	0	0.9
10	0.2	0.7	0.2	0.8	0.1	0.8	0.1	0.6	0.6	0.7
;
param d: 1 2 3 4 5 6 7 8 9 10:=
1	0	4.409	10.445	12.969	2.117	7.347	8.071	11.075	8.378	10
2	4.409	0	11.245	9.302	4.564	11.43	3.951	8.042	5.5	8.691
3	10.445	11.245	0	12.054	12.531	9.705	11.355	9.308	8.486	5.062
4	12.969	9.302	12.054	0	13.782	18.144	5.462	2.772	4.853	6.993
5	2.117	4.564	12.531	13.782	0	8.797	8.512	12.214	9.527	11.714
6	7.347	11.43	9.705	18.144	8.797	0	14.384	15.623	13.312	12.603
7	8.071	3.951	11.355	5.462	8.512	14.384	0	4.854	3.184	7.261
8	11.075	8.042	9.308	2.772	12.214	15.623	4.854	0	2.703	4.26
9	8.378	5.5	8.486	4.853	9.527	13.312	3.184	2.703	0	4.085
10	10	8.691	5.062	6.993	11.714	12.603	7.261	4.26	4.085	0
;

