
param n:=10;
param p:=1.2;
param c:=1;
param Q:=1;
param v:=0.1;
param DIS:=20;
#data is from case 3

param w: 1 2 3 4 5 6 7 8 9 10:=
1	0.3	0.6	0	0.2	0.3	0.5	0.8	0	0.4	0.4
2	0.5	0.3	0.8	0.7	0.4	0.9	0.5	0	0.3	0.2
3	0.3	0.5	0.2	0.5	1	0.9	0.6	0.1	0.7	0.9
4	0.4	0	0.5	0.4	0.2	0.7	1	0	0.8	0.4
5	0.4	0.3	0.7	0.2	1	0.1	0.1	0.5	0.2	0.4
6	0.7	0.5	0.9	0.9	1	0.9	0.8	0.5	1	0.5
7	0.5	0.4	0.6	0.9	0.9	0.8	0.7	0.8	0.8	0.5
8	0.3	0.2	0.7	1	0.5	0.7	0.1	0.6	0.2	0.2
9	0	0.9	0.7	1	0.8	0.7	0.8	0.6	0.2	0.8
10	0.2	0.7	0.2	0.8	0.6	0.1	0.6	0.3	0.9	0.4
;
param d: 1 2 3 4 5 6 7 8 9 10:=
1	0	4.353	7.471	5.157	3.711	3.85	7.097	13.086	3.177	10
2	4.353	0	4.267	8.696	0.759	4.24	7.485	11.474	5.716	6.514
3	7.471	4.267	0	12.472	4.343	4.692	11.725	14.917	9.724	8.765
4	5.157	8.696	12.472	0	8.291	8.941	5.869	12.585	3.113	12.28
5	3.711	0.759	4.343	8.291	0	3.558	7.618	11.99	5.412	7.241
6	3.85	4.24	4.692	8.941	3.558	0	10.33	15.425	6.915	10.739
7	7.097	7.485	11.725	5.869	7.618	10.33	0	6.744	4.251	7.576
8	13.086	11.474	14.917	12.585	11.99	15.425	6.744	0	10.782	6.778
9	3.177	5.716	9.724	3.113	5.412	6.915	4.251	10.782	0	9.347
10	10	6.514	8.765	12.28	7.241	10.739	7.576	6.778	9.347	0
;

