param n:=10;
param p:=1.2;
param c:=1;
param Q:=1;
param v:=0.1;
param DIS:=20;
#data is from case 1
param w: 1 2 3 4 5 6 7 8 9 10:=
1  0.0	0.8	0.7	0.1	0.3	0.6	0.1	0.5	1.0	0.4
2  0.4	0.0 0.9	0.7	0.1	0.2	0.3	0.6	0.9	0.2
3  0.4	0.7	0.0	0.6	0.6	0.7	0.9	0.0	0.4	0.4
4  1.0	0.1	0.2	0.0	0.2	0.5	0.2	0.3	1.0	0.2
5  0.7	0.4	0.9	0.6	0.0	1.0	0.8	0.4	0.6	0.8
6  0.6	1.0	0.5	0.6	0.6	0.0	0.3	0.5	0.1	0.6
7  0.9	0.1	0.8	0.1	0.8	1.0	0.0	1.0	0.3	0.6
8  0.2	1.0	1.0	0.1	0.5	0.1	0.1	0.0	0.5	0.7
9  0.1	0.0	0.6	0.6	0.6	0.2	0.8	0.9	0.0	0.9
10  0.5	0.6	0.0	0.3	0.7	0.8	0.2	0.3	0.8	0.0
;
param d: 1 2 3 4 5 6 7 8 9 10:=
1  0.000	4.333	6.325	9.299	12.838	13.567	5.052	7.852	14.223	10.000
2  4.333	0.000	2.166	6.326	11.512	9.437	7.942	3.963	10.851	6.929
3  6.325	2.166	0.000	4.621	10.391	7.292	9.126	1.862	8.810	5.125
4  9.299	6.326	4.621	0.000	6.167	5.966	9.737	3.039	4.958	0.710
5  12.838	11.512	10.391	6.167	0.000	10.784	10.574	9.122	7.050	6.076
6  13.567	9.437	7.292	5.966	10.784	0.000	15.343	5.748	4.507	5.497
7  5.052	7.942	9.126	9.737	10.574	15.343	0.000	9.873	14.448	10.405
8  7.852	3.963	1.862	3.039	9.122	5.748	9.873	0.000	6.948	3.422
9  14.223	10.851	8.810	4.958	7.050	4.507	14.448	6.948	0.000	4.248
10  10.000	6.929	5.125	0.710	6.076	5.497	10.405	3.422	4.248	0.000
;